0 0 
0.0 0.0 
0.04855645768376769 0.0001693187624984626 
0.09663003144890334 0.0006690714267802505 
0.14468099917715962 0.0015000704140888709 
0.19270685435363966 0.002664937158836981 
0.24070489737682654 0.004164082884342311 
0.2891520104882339 0.006018241816534035 
0.3375653229140268 0.008215035913288996 
0.3854628633618591 0.01072880000197385 
0.4337996585104598 0.013611282435892743 
0.4820938514892144 0.016840644839295968 
0.5303421718480819 0.020418634361181187 
0.578064399460069 0.024306614771163148 
0.6257352350389216 0.028540392647620354 
0.6738276881314603 0.033169781210508655 
0.7213861320359961 0.03810538144256924 
0.768883292749753 0.04339373291039124 
0.8163159332605371 0.0490374495535864 
0.8641539135984827 0.055101008584331944 
0.9119189416167041 0.061532575112367295 
0.9596068976518399 0.06833504064805322 
1.006742711390477 0.07543854113922717 
1.0547352266077867 0.08306493852693195 
1.1016984834801233 0.0909182432781244 
1.1490376814163148 0.09923159264483562 
1.1967462993828815 0.10801990629632903 
1.2434176227610205 0.11702211200066454 
1.289982852167609 0.12641009378853346 
1.3369018958632113 0.13628718630437217 
1.3837036724119869 0.14656492084700645 
1.430382652737432 0.15724681713606645 
1.4764730209807824 0.16822470496399602 
1.5233501028850445 0.1798377958390445 
1.5691702760779747 0.19163431322642518 
1.614847256015308 0.2038413845337365 
1.6612851124387198 0.21671971848254656 
1.7071096993304815 0.22990049605562923 
1.7523182058357458 0.24337457197869852 
1.7978084352886348 0.257415507087619 
1.8431211446118465 0.27189463686191373 
1.8878027549577674 0.28666569611632264 
1.9322953741371913 0.30187369931980407 
1.9770341400546128 0.3176813442963448 
2.0211255041092753 0.3337792830084387 
2.065442792030871 0.35049321012523577 
2.1095363389184216 0.36766845146079846 
2.1533970979187833 0.3853085976524778 
2.1961543547031814 0.4030541411060106 
2.2390980937289044 0.4214396034632944 
2.2817871984617075 0.44029204796483723 
2.3237886145560003 0.45941901199055707 
2.3655206622438203 0.4790100664850747 
2.407391512302877 0.49927383844597467 
2.448968181119599 0.520018086303216 
2.4906508129807174 0.5414605819284315 
2.5246602733253463 0.5594512533026408 
2.5637084361372597 0.5806782746343928 
2.604060610557947 0.6032769734247589 
2.6436676970246142 0.6261367922033607 
2.6833147907004475 0.6497214553134615 
2.722979204221507 0.6740491000335119 
2.761861836291739 0.698639668269225 
2.8003426892697236 0.7237330108684503 
2.8380295615621667 0.7490726154771888 
2.876043979400667 0.7754355365633926 
2.9132368910883444 0.8020479970209603 
2.9503352971919825 0.8294420684899082 
2.986589725825742 0.8570763671966816 
3.0227082060189825 0.8855031011049337 
3.0583102013672296 0.9144490472157649 
3.0933779092164833 0.9439127732660171 
3.1275544072268424 0.9735934868003632 
3.160504140563225 1.0031691974329473 
3.1938826002383354 1.0341551631594228 
3.2266574462653814 1.0656531653728776 
3.258807526395979 1.0976572323666167 
3.290313285354558 1.1301634823059914 
3.320852721244032 1.1628375491014193 
3.3510165571741295 1.196327321326183 
3.3799004216176893 1.229625380476491 
3.408649867017465 1.2640687409547964 
3.435835027989603 1.2979397803453718 
3.4620312497432852 1.3318898687048963 
3.4885388088367537 1.3676844249756048 
3.5139952313342886 1.4035641578803253 
3.538642740981775 1.439864033718803 
3.560114796988555 1.4728798496037585 
3.580436571375303 1.5054602882147754 
3.604900204521828 1.5466144704038227 
3.626860674048678 1.5855843134904257 
3.647260925553331 1.623761316928465 
3.6665455411811894 1.661880531909139 
3.6854518514437737 1.7014785448897345 
3.702854226329996 1.740210114584106 
3.719625332349313 1.7799973606842778 
3.7352408771807784 1.8196493287036664 
3.7497145404760404 1.85912965738143 
3.7633258304371644 1.8992141249970504 
3.776034712596886 1.9398889497768577 
3.7874687599963877 1.979916310356644 
3.7977785437715452 2.0196619196737626 
3.8073473998747676 2.06073102599538 
3.8159201947705292 2.1022985867585016 
3.8233235504756946 2.1435141168085683 
3.8294700491754714 2.1835239308713943 
3.834640286257592 2.2239300597344043 
3.8388425510364748 2.265125689417249 
3.841966296157204 2.30626770360992 
3.844030726401897 2.347727609749106 
3.844997802962072 2.388260657584689 
3.8449205950965437 2.4290482225077943 
3.8438113286969444 2.469265653285624 
3.841634392249304 2.5100849406044126 
3.8384526039490554 2.5502866768359946 
3.834266687353399 2.5902362321810757 
3.8290372528332526 2.63030640872139 
3.822951946918487 2.6693029242723947 
3.8160140795250745 2.7075963184878544 
3.808103291812843 2.745946940478685 
3.7994911101612074 2.7831992369437595 
3.789851224362216 2.820846803285958 
3.779370226823636 2.8581284111286602 
3.768075492997162 2.8950215784706317 
3.755866596585263 2.9318776792665884 
3.742744514172682 2.968678714809248 
3.728993536365802 3.0046924896993024 
3.7145186577719667 3.040264280797844 
3.6994982529707863 3.0750462235211056 
3.683499720596186 3.110066643271462 
3.6671706195259097 3.1439615497514977 
3.6504109742933535 3.1770670014440903 
3.632903673993249 3.2100561355578248 
3.6146507567262693 3.2429259381622932 
3.5962273216557907 3.2747057265919697 
3.577308424569053 3.306036817969924 
3.5579098299790752 3.336931588051888 
3.538256235570862 3.3670869766739377 
3.517762547049788 3.397418745204158 
3.4976817914562552 3.4261365837066475 
3.4761646927599066 3.455901715576487 
3.454231923957337 3.485259801822256 
3.432145612322005 3.5139043016789655 
3.4092589559787565 3.5426884507240617 
3.386244985363539 3.570780667978283 
3.3631436889488224 3.598182763121859 
3.339272321477617 3.62571770537703 
3.3160463907366 3.6517981225617513 
3.2925762575973367 3.6774865701321406 
3.268124048702337 3.7035809510562783 
3.2436484472222475 3.729058814159651 
3.2189409704383087 3.7541649152961254 
3.193756836111899 3.7791563801907584 
3.1683474910689022 3.8037920777421914 
3.142983803254888 3.8278337123530366 
3.1171734169604317 3.851763091569752 
3.0909078592509838 3.875587042091644 
3.064971843067478 3.898615074892558 
3.0391399311953817 3.9210816784514373 
3.0131547250189343 3.9432295036575185 
2.9870166745091877 3.965069486631295 
2.9607320600458533 3.9866068396060936 
2.9337709793534863 4.008272944301087 
2.906925447142181 4.029434518708107 
2.8802250794224675 4.050089033455702 
2.8531353040759386 4.070658227619895 
2.825643206917205 4.091148580161238 
2.7980237115342406 4.111357209350932 
2.7700129186923643 4.131478805504352 
2.7424341522040794 4.150934059494567 
2.7142093349568133 4.170489933915715 
2.686420580121413 4.189402792770722 
2.6582682939221964 4.208227705085472 
2.6302912539063072 4.226609701729402 
2.6056038581685796 4.242567324251558 
2.5823339368412124 4.257386728433339 
2.5511555879905563 4.276911303217494 
2.522470363216451 4.294551919983466 
2.4940610303124147 4.311725671850299 
2.465009383761534 4.328985079695774 
2.436717986613185 4.345505902700928 
2.4078011530710333 4.362104915469339 
2.3787906916709973 4.378471655247618 
2.349704484301165 4.3945992796874735 
2.320544567052896 4.41048935462149 
2.291312506384673 4.426143763919638 
2.262009776418015 4.441564303247396 
2.2326377850238144 4.456752687192306 
2.2029058593573563 4.471857594527655 
2.1733898128827116 4.486588734889034 
2.1446971429877943 4.500660274304978 
2.121840672035835 4.511696091338763 
2.0897362351137194 4.526936913927917 
2.0601974194281456 4.540698776008089 
2.0303869355079236 4.554339782978024 
2.0002132933625973 4.567893927817709 
1.9708610464024763 4.580838820917706 
1.9411834132277177 4.593688513264608 
1.9111431530355256 4.606453426869382 
1.8810370237099023 4.619005415246252 
1.8508755901305642 4.631341122822296 
1.8206600253619114 4.643461111550682 
1.7906913007554177 4.655249234425231 
1.7603802511211903 4.666938240013401 
1.7303091254332277 4.678304678150925 
1.699896187784078 4.689569395478453 
1.669423708220293 4.700625328452231 
1.6392045632814662 4.711363264611422 
1.6086451007342797 4.721994837904286 
1.5783320095729434 4.732316818535718 
1.5479829782232377 4.742429430850593 
1.5175893081324638 4.752336254763841 
1.4868468504549066 4.762133907510033 
1.4560502442252605 4.771725879893783 
1.4249047312042378 4.781201239491375 
1.3943184443335739 4.790287520417168 
1.3634054699882463 4.799251604588351 
1.332442290536204 4.808010673307916 
1.3017465731298339 4.816478774407463 
1.270715655294205 4.824822546403073 
1.2399447459717456 4.832882528630801 
1.2091476382883477 4.840737348543217 
1.177698177868046 4.848540733607146 
1.1468100570318531 4.8559921283030105 
1.1155995137487535 4.863308121119384 
1.0843457377060277 4.870420450629332 
1.0536793949841854 4.877192389995049 
1.0226934426187357 4.883827552684631 
0.9913568718713984 4.890326847249244 
0.9599797286640376 4.896623349667574 
0.9285738166561606 4.902714853612762 
0.8974518690533655 4.9085440074685724 
0.8660028941670783 4.914225486689954 
0.8345178256005834 4.919704002616871 
0.8030079119621641 4.924977908911671 
0.7717868662816902 4.929997947241417 
0.7399293570285568 4.934910014800025 
0.7086541826971176 4.939526550197151 
0.6773797623492103 4.943939677144678 
0.6463996790450649 4.948111153878028 
0.6147858037361927 4.9521632862465275 
0.5831326707209215 4.956014125775386 
0.5514624796067766 4.959661151306691 
0.5197770087861264 4.963104138364822 
0.4883912994663041 4.966312054461163 
0.45763134433945524 4.969260731434773 
0.4268810150540372 4.97201534221645 
0.3951780126728188 4.974653534974449 
0.36311702225361886 4.977114234232569 
0.3316641397002958 4.979326324477723 
0.2999106920941693 4.981356423147326 
0.2687693652291847 4.9831493316777475 
0.23701478715208876 4.984775775829599 
0.20523399675378368 4.9861999121191785 
0.1737638905125565 4.987409858236895 
0.14198776521461975 4.988429208112447 
0.11019968167924497 4.989245717797697 
0.07841129348274066 4.989859224674867 
0.04662410661765736 4.990269704420587 
0.015153977339644638 4.9904761739370675 
-0.016616485753585583 4.9904827392044915 
-0.048393251752732215 4.99028653119129 
-0.08016462825051564 4.989887754223978 
-0.11192908414741619 4.98928641753038 
-0.14368545104724084 4.988482619687979 
-0.1754325700272995 4.987476464395671 
-0.20716927929145407 4.986268065420189 
-0.2388944137972285 4.984857542096144 
-0.27060680539332965 4.983245019119946 
-0.30105011732636966 4.981506324536914 
-0.3330035088990942 4.9794796697143635 
-0.3646820271657706 4.977266832994048 
-0.3963337928544932 4.97485363892592 
-0.4279665859009328 4.972239133821175 
-0.45926664243421367 4.969452377937375 
-0.49116049357821656 4.966407866440091 
-0.5224285923509066 4.963222200792599 
-0.5539647233152709 4.959807287964951 
-0.5854868168238021 4.956190681607753 
-0.6169835452586085 4.95237386347743 
-0.6481418808307088 4.948397725713146 
-0.6795729260266195 4.944184292422538 
-0.7112963918242226 4.939725014053725 
-0.7423787248459504 4.935154257112689 
-0.7737186141955622 4.930342692679798 
-0.805036025767939 4.9253303858711215 
-0.8360101194936983 4.920171882709934 
-0.8672479893362866 4.914765985655221 
-0.8984601555643557 4.909159898666694 
-0.928709541364318 4.903531035666606 
-0.9595064020071811 4.897601196877904 
-0.9905929409790467 4.891411289641107 
-1.0216501438955816 4.885022052038851 
-1.0526652609359994 4.878435879139793 
-1.083330215990953 4.871721144780113 
-1.1139404889424547 4.8648161535429395 
-1.1442001084751672 4.857790781513237 
-1.1747090130440039 4.850505840665403 
-1.2054858499586139 4.842950930653144 
-1.235920358465591 4.8352759579797775 
-1.2662948220763792 4.8274126141007025 
-1.296921183984378 4.819277044124861 
-1.3238742690093368 4.811944628677341 
-1.3512742447858956 4.804322784103313 
-1.3810528257660848 4.795846284956591 
-1.4111655710011175 4.787071742575405 
-1.4412360486681872 4.778105198447469 
-1.4691503499122458 4.769597175062774 
-1.4951540340417024 4.761509927694614 
-1.5246268187975864 4.752153174123799 
-1.5541664855037152 4.742573025609111 
-1.5839478670975615 4.732709652905301 
-1.6133797749546157 4.722757733842502 
-1.643331042800765 4.712420132503571 
-1.6732360232250454 4.701885744930526 
-1.7027780641067312 4.691269206094088 
-1.732535708483514 4.680362332771594 
-1.7613515881557298 4.669595693855763 
-1.7909479771352954 4.658325706517603 
-1.8202096668575045 4.6469709405339055 
0 0 
0.0 0.0 
0.04807568703006656 0.00016613334213752055 
0.0961492735424972 0.0006630188676305524 
0.1446809362878475 0.00150138166807352 
0.19270694329309762 0.002667174987994808 
0.24118486836882735 0.004184169759337654 
0.28963179256860005 0.006043095737213299 
0.3375654180609483 0.008221362654515667 
